Date : 2024-08-19T22:52:29.307045800 >>>>>> 12,7,Navika,,navika.kumar@gmail.com
Date : 2024-08-19T22:52:29.323036300 >>>>>> 12,7,Navika,,navika.kumar@gmail.com
Date : 2024-08-19T22:52:29.350020 >>>>>> 12,7,Navika,,navika.kumar@gmail.com
Date : 2024-08-19T22:52:29.417980900 >>>>>> 16,Aditi,Kumari,Pandey,aditi.kumari@gmail.com
