Date : 2024-08-18T23:18:33.628046700 >>>>>> 12,7,Navika,,navika.kumar@gmail.com
Date : 2024-08-18T23:18:33.699005300 >>>>>> 12,7,Navika,,navika.kumar@gmail.com
Date : 2024-08-18T23:18:33.950993 >>>>>> 12,7,Navika,,navika.kumar@gmail.com
Date : 2024-08-18T23:18:34.191023800 >>>>>> 16,Aditi,Kumari,Pandey,aditi.kumari@gmail.com
